Team Stadium,Batter Side,HR,Triples,Doubles,Singles,AVG,OBP,SLG,wOBA,R,Values
BOS,Left Handers,0.82,1.19,1.59,0.97,1.06,1.04,1.05,1.04,0.99,28
TEX,Left Handers,0.82,1.19,1.59,0.97,1.06,1.04,1.05,1.04,0.99,27
WAS,Left Handers,1.14,0.85,1.3,1.01,1.09,1.07,1.12,1.09,1.07,26
PIT,Left Handers,0.93,0.75,1.27,0.97,1.02,1.04,1.02,1.03,0.92,25
KCR,Left Handers,0.76,1.17,1.22,1.15,1.11,1.07,1.03,1.05,1.05,24
CLE,Left Handers,1.08,0.85,1.13,0.99,1.03,1.03,1.05,1.04,1.1,23
col,Left Handers,1.22,1.91,1.12,1.15,1.17,1.1,1.19,1.14,1.33,22
SDP,Left Handers,0.92,0.76,1.07,0.95,0.97,0.99,0.97,0.98,0.93,21
LAD,Left Handers,1.04,0.24,1.06,0.96,0.96,0.95,0.96,0.96,0.92,20
SFG,Left Handers,0.73,1.66,1.05,0.97,0.97,0.98,0.94,0.96,0.85,19
ATL,Left Handers,0.9,0.69,1.04,0.99,0.99,0.99,0.96,0.98,1.05,18
MIN,Left Handers,0.89,1.4,1.03,1.03,1.03,1.04,1,1.02,1.04,17
ARI,Left Handers,0.97,2.39,1.01,1.05,1.05,1.03,1.05,1.03,1.09,16
Cin,Left Handers,0.95,1.01,1.01,1.04,1.02,1.03,1,1.01,0.98,15
BAL,Left Handers,1.11,0.9,1.01,0.99,1,0.98,1.03,1,0.98,14
TOR,Left Handers,1.21,0.86,0.99,0.95,0.98,0.97,1.03,1,1.04,13
PHI,Left Handers,1.17,1.1,0.98,0.97,1.01,1.01,1.05,1.03,0.98,12
CHC,Left Handers,0.83,1.18,0.98,1.03,0.99,0.99,0.95,0.97,0.96,11
LAA,Left Handers,1.29,0.55,0.91,0.95,0.98,0.98,1.03,1,1.07,10
MIL,Left Handers,1.08,0.82,0.91,0.96,0.97,1,0.99,1,0.99,9
HOU,Left Handers,1.05,1.27,0.91,0.98,0.98,0.98,1,0.99,0.97,8
FLA,Left Handers,0.77,1.25,0.9,0.91,0.9,0.94,0.87,0.91,0.89,7
STL,Left Handers,0.92,0.75,0.89,1.01,0.96,0.95,0.93,0.95,0.91,6
NYY,Left Handers,1.09,0.53,0.89,1.06,1.02,1.03,1.01,1.02,1,5
SEA,Left Handers,0.89,0.5,0.86,1.01,0.93,0.93,0.89,0.92,0.87,4
DET,Left Handers,0.88,1.69,0.83,0.98,0.94,0.95,0.93,0.94,0.89,3
NYM,Left Handers,0.98,0.62,0.74,1.01,0.93,0.95,0.91,0.93,0.86,2
CHW,Left Handers,1.15,0.84,0.72,0.95,0.93,0.97,0.95,0.97,0.99,1
COL,Right Handers,1.21,2.17,1.43,1.19,1.25,1.16,1.28,1.21,1.27,28
BOS,Right Handers,0.97,1.21,1.25,0.99,1.04,1.02,1.05,1.03,1.12,27
TEX,Right Handers,0.97,1.21,1.25,0.99,1.04,1.02,1.05,1.03,1.12,26
MIN,Right Handers,0.86,0.73,1.22,0.94,0.97,0.97,0.96,0.97,0.93,25
PIT,Right Handers,0.79,0.83,1.1,0.95,0.96,0.99,0.94,0.97,0.97,24
DET,Right Handers,0.97,1.85,1.09,1.06,1.06,1.02,1.05,1.03,1.03,23
KCR,Right Handers,0.84,1.28,1.07,1.03,1.02,1.01,0.98,0.99,1.03,22
FLA,Right Handers,0.72,0.99,1.04,1.09,1.02,1,0.94,0.97,0.9,21
WAS,Right Handers,1.09,0.83,1.04,1,1.01,1,1.03,1.01,1.05,20
ATL,Right Handers,0.93,0.91,1.03,1.09,1.05,1.05,1.02,1.03,1.09,19
LAA,Right Handers,1.02,0.95,1.02,0.96,0.98,1,1,1,1,18
CLE,Right Handers,0.98,0.88,1.02,1,1,1.01,1,1,1.08,17
TOR,Right Handers,1.12,1.03,1.02,0.92,0.97,0.98,1.02,1,0.96,16
CHC,Right Handers,0.98,1.56,1.01,0.99,1.01,1.01,1.01,1.01,0.99,15
CIN,Right Handers,0.96,0.98,0.96,1,0.99,1.01,0.98,1,0.97,14
SDP,Right Handers,0.98,0.71,0.96,0.93,0.95,0.99,0.96,0.98,0.94,13
ARI,Right Handers,0.87,1.52,0.95,0.99,0.97,1,0.95,0.98,0.95,12
SFG,Right Handers,0.79,1.19,0.94,1.05,0.99,0.97,0.93,0.95,0.93,11
LAD,Right Handers,1.21,0.5,0.92,0.99,0.98,0.95,1.01,0.98,0.92,10
MIL,Right Handers,1.14,0.92,0.92,0.96,0.97,0.98,1.01,0.99,1.06,9
CHW,Right Handers,1.12,0.31,0.91,1.03,1,0.99,1,1,0.98,8
STL,Right Handers,0.84,1.1,0.89,1.05,0.98,0.98,0.94,0.96,0.93,7
NYM,Right Handers,1.07,0.7,0.88,0.86,0.89,0.92,0.93,0.93,0.89,6
PHI,Right Handers,1.22,0.99,0.88,0.98,0.98,0.98,1.02,1,1.06,5
HOU,Right Handers,1.1,0.61,0.87,1.01,0.98,0.98,0.99,0.99,1.03,4
BAL,Right Handers,1.2,0.65,0.87,1,1,1.02,1.03,1.03,1.03,3
NYY,Right Handers,1.02,1.36,0.85,1.05,1,1.01,0.99,1,0.98,2
SEA,Right Handers,1.04,0.75,0.83,0.95,0.94,0.95,0.95,0.95,0.94,1
