Name,PA,AB,H,2B,3B,HR,SO,K%,Whiff%,BB,BB%,BA,SLG,wOBA,xBA,xSLG,xwOBA,EV,LA,Team
" Eflin, Zach",55,51,9,2,0,0,20,36.4,32.1,2,3.6,0.176,0.216,0.182,0.203,0.269,0.22,87,7.9,
" Eovaldi, Nathan",64,56,10,4,0,1,13,20.3,19.5,6,9.4,0.179,0.304,0.255,0.208,0.306,0.286,85.4,10.8,
" Fitts, Richard",13,10,4,2,0,0,0,0,9.1,1,7.7,0.4,0.6,0.451,0.202,0.459,0.315,78.9,23.6,det
" Gallen, Zac",41,38,9,2,0,1,8,19.5,17.1,3,7.3,0.237,0.368,0.291,0.239,0.377,0.294,94.2,5.8,nny
" Gilbert, Logan",164,153,38,13,0,5,39,23.8,31,8,4.9,0.248,0.431,0.313,0.25,0.406,0.306,87.8,11.8,
" Gore, MacKenzie",49,42,13,3,0,4,9,18.4,25,6,12.2,0.31,0.667,0.45,0.335,0.69,0.471,92.2,21.8,nny
" Greene, Hunter",69,63,9,2,0,3,29,42,38.4,6,8.7,0.143,0.317,0.237,0.143,0.3,0.23,88.4,23,
" King, Michael",22,20,5,1,0,0,12,54.5,39.1,2,9.1,0.25,0.3,0.28,0.12,0.14,0.166,82.2,12,
" Liberatore, Matthew",51,46,11,3,0,1,11,21.6,20.7,4,7.8,0.239,0.37,0.304,0.22,0.368,0.297,91.4,20.7,
" Lorenzen, Michael",49,43,11,3,0,0,8,16.3,14.5,6,12.2,0.256,0.326,0.305,0.262,0.406,0.337,87.1,9.4,stl
" Lucas, Easton",7,6,1,1,0,0,1,14.3,6.3,1,14.3,0.167,0.333,0.278,0.21,0.544,0.368,92.9,15.6,
" May, Dustin",12,12,2,0,0,0,5,41.7,31.6,0,0,0.167,0.167,0.146,0.235,0.379,0.26,81.8,10,
" Mize, Casey",15,13,5,2,0,0,4,26.7,29,2,13.3,0.385,0.538,0.434,0.279,0.346,0.332,96.2,-0.9,pitt
" Mlodzinski, Carmen",24,22,4,0,0,0,7,29.2,19.2,2,8.3,0.182,0.182,0.204,0.21,0.268,0.252,84.7,8.5,
" Rodón, Carlos",55,54,18,6,0,1,17,30.9,29.6,0,0,0.333,0.5,0.35,0.253,0.423,0.298,90.6,24,
" Senga, Kodai",29,27,3,2,0,1,11,37.9,37.5,2,6.9,0.111,0.296,0.206,0.162,0.305,0.23,87.8,4.6,lad
" Severino, Luis",128,121,28,7,0,5,31,24.2,22.6,6,4.7,0.231,0.413,0.295,0.228,0.368,0.279,88.9,12.4,
" Steele, Justin",39,35,6,2,0,1,12,30.8,27.3,2,5.1,0.171,0.314,0.225,0.16,0.277,0.211,84.6,12.2,was
" Webb, Logan",107,99,24,7,0,1,24,22.4,18.4,7,6.5,0.242,0.343,0.284,0.267,0.394,0.314,93.1,4.8,
" Wesneski, Hayden",19,16,6,1,0,1,2,10.5,15,2,10.5,0.375,0.625,0.454,0.394,0.645,0.47,90.8,5.3,
" Woods Richardson, Simeon",36,32,4,2,0,0,6,16.7,24.6,4,11.1,0.125,0.188,0.195,0.134,0.191,0.201,89.2,17.3,
