Player,Games,GS,AB,Runs,Hits,2B,3B,HR,RBI,BB,IBB,HBP,K,SB,CS,SH,SF,GDP,CI,BA,OBA,SPct
Kameron Misner,14,12,40,8,16,4,1,3,9,3,0,1,7,1,0,0,1,1,0,0.4,0.444,0.775
Jonathan Aranda,14,12,43,9,17,7,0,2,10,5,0,1,10,0,0,0,1,2,0,0.395,0.46,0.698
Brendan Donovan,16,15,64,10,25,5,0,2,11,4,0,0,10,1,1,0,1,1,0,0.391,0.42,0.562
Jackson Merrill,10,10,37,7,14,2,0,3,10,3,0,0,7,1,1,0,1,1,0,0.378,0.415,0.676
Jorge Polanco,11,10,37,4,14,0,0,3,12,1,0,0,5,1,0,1,1,0,0,0.378,0.385,0.622
George Springer,16,13,48,6,18,3,1,2,10,6,0,0,14,2,0,0,1,2,1,0.375,0.436,0.604
Kyren Paris,14,10,38,13,14,1,1,5,8,5,0,2,10,5,0,0,0,1,1,0.368,0.467,0.842
Aaron Judge,16,16,60,17,22,4,0,6,20,11,2,2,17,2,0,0,0,1,0,0.367,0.479,0.733
Paul Goldschmidt,16,15,60,8,22,5,0,1,6,4,1,1,12,0,0,0,1,1,0,0.367,0.409,0.5
Keibert Ruiz,15,15,55,9,20,2,0,2,11,4,0,2,5,0,1,0,0,0,0,0.364,0.426,0.509
Kyle Farmer,15,13,47,1,17,8,0,0,4,4,0,0,11,0,0,0,1,0,0,0.362,0.404,0.532
Fernando Tatis Jr.,16,16,61,16,22,1,0,6,12,8,0,0,9,6,0,0,1,1,0,0.361,0.429,0.672
Pavin Smith,15,10,36,8,13,6,0,1,4,5,0,0,14,0,0,0,0,2,0,0.361,0.439,0.611
Will Smith,13,12,40,3,14,2,0,1,8,5,0,1,13,1,0,0,1,0,0,0.35,0.426,0.475
Michael Busch,16,13,52,12,18,4,1,4,12,4,0,3,13,0,0,0,0,0,0,0.346,0.424,0.692
Pete Alonso,16,16,55,10,19,6,0,4,19,11,1,2,9,0,0,0,1,2,0,0.345,0.464,0.673
Jacob Wilson,16,16,61,10,21,4,0,2,8,0,0,0,3,0,0,0,0,3,0,0.344,0.344,0.508
Ramon Urias,11,10,35,1,12,1,0,0,5,4,0,0,5,0,0,0,0,1,0,0.343,0.41,0.371
Josh Smith,14,13,38,8,13,3,0,1,3,6,1,0,11,3,1,0,0,0,0,0.342,0.432,0.5
Brice Turang,17,17,69,17,23,1,0,3,10,3,0,1,17,3,1,0,1,0,0,0.333,0.365,0.478
Corbin Carroll,16,15,63,14,21,6,1,5,10,7,1,3,16,1,0,0,0,1,0,0.333,0.425,0.698
Seiya Suzuki,15,15,57,11,19,2,1,4,15,10,0,0,19,1,1,0,1,1,0,0.333,0.426,0.614
Wilyer Abreu,18,15,54,12,18,4,0,3,12,12,3,0,15,2,0,0,0,1,0,0.333,0.455,0.574
Geraldo Perdomo,16,16,51,8,17,2,0,2,13,13,0,0,2,2,0,2,3,0,0,0.333,0.448,0.49
Logan O'Hoppe,13,11,48,7,16,1,0,5,9,1,0,0,18,0,0,0,0,1,0,0.333,0.347,0.667
Gavin Sheets,15,11,42,5,14,2,0,2,10,4,0,0,11,1,0,0,1,1,0,0.333,0.383,0.524
Kyle Tucker,17,17,67,19,22,7,0,5,17,15,3,0,11,3,0,0,0,1,0,0.328,0.451,0.657
Kristian Campbell,17,17,58,11,19,4,0,3,6,10,0,0,16,1,1,0,1,0,0,0.328,0.42,0.552
Alex Call,11,11,34,6,11,2,1,0,7,10,0,0,2,1,0,0,2,1,0,0.324,0.457,0.441
Josh Naylor,16,16,59,8,19,6,0,1,10,8,1,0,6,4,0,0,1,4,0,0.322,0.397,0.475
Jung Hoo Lee,15,15,59,16,19,8,1,3,11,7,0,0,11,3,0,0,0,0,0,0.322,0.394,0.644
Steven Kwan,15,15,59,12,19,1,0,2,8,4,0,1,8,1,0,1,0,0,0,0.322,0.375,0.441
Brenton Doyle,12,12,53,7,17,3,0,3,12,3,0,0,10,1,0,0,0,1,0,0.321,0.357,0.547
Bobby Witt Jr.,17,17,63,11,20,6,0,2,7,8,2,1,12,5,1,0,1,0,0,0.317,0.397,0.508
Manny Machado,17,17,63,15,20,7,0,1,6,8,1,0,11,6,0,0,0,2,0,0.317,0.394,0.476
Nolan Arenado,15,15,57,11,18,6,0,2,9,9,3,0,4,0,0,0,0,1,0,0.316,0.409,0.526
Kyle Stowers,14,13,51,8,16,3,1,1,10,8,0,1,17,1,0,0,1,2,0,0.314,0.41,0.471
Mike Yastrzemski,14,12,45,9,14,4,0,3,9,10,1,0,15,2,0,0,0,0,0,0.311,0.436,0.6
Christopher Morel,15,12,45,8,14,3,0,1,6,5,0,0,18,2,0,0,0,1,0,0.311,0.38,0.444
Jake Mangum,13,12,45,6,14,2,0,0,5,2,0,0,5,7,0,0,0,1,0,0.311,0.34,0.356
Xavier Edwards,15,15,58,10,18,3,0,0,5,10,1,0,15,6,1,0,1,0,0,0.31,0.406,0.362
Nick Castellanos,16,16,58,8,18,5,0,3,11,5,0,0,11,0,0,0,0,1,0,0.31,0.365,0.552
Marcell Ozuna,15,15,49,10,15,2,0,3,8,16,0,0,17,0,0,0,0,1,0,0.306,0.477,0.531
Sal Frelick,17,16,59,8,18,2,1,0,5,7,0,2,9,4,1,0,0,1,0,0.305,0.397,0.373
Tyler Soderstrom,16,16,59,12,18,2,0,6,11,8,0,0,13,0,0,0,0,1,0,0.305,0.388,0.644
Nico Hoerner,15,15,59,8,18,2,0,0,10,5,0,0,4,6,1,0,1,0,0,0.305,0.354,0.339
Trevor Story,18,17,69,7,21,2,0,3,8,2,0,0,22,6,0,0,0,0,0,0.304,0.324,0.464
Mookie Betts,15,15,56,12,17,2,0,4,10,8,0,1,5,1,0,0,0,2,0,0.304,0.4,0.554
Teoscar Hernandez,15,15,56,8,17,3,0,5,15,2,0,0,11,2,0,0,1,1,0,0.304,0.322,0.625
Griffin Conine,15,12,46,7,14,3,0,1,5,6,0,0,13,0,1,0,0,0,0,0.304,0.385,0.435
Benjamin Rice,15,14,50,12,15,2,1,5,7,10,0,0,14,2,1,0,0,2,0,0.3,0.417,0.68
Nolan Schanuel,15,15,57,8,17,3,1,2,7,5,1,1,9,1,0,0,0,3,0,0.298,0.365,0.491
Bo Bichette,17,17,74,6,22,5,0,0,10,4,1,2,13,0,1,0,1,2,0,0.297,0.346,0.365
Matt Mervis,11,10,34,6,10,0,0,5,11,3,0,0,15,0,0,0,1,0,0,0.294,0.342,0.735
Nick Martini,14,10,34,3,10,1,0,0,1,3,1,0,6,0,0,0,0,1,0,0.294,0.351,0.324
Junior Caminero,15,14,55,11,16,2,0,4,9,3,0,0,13,0,0,0,1,5,0,0.291,0.322,0.545
Jackson Chourio,17,17,76,14,22,6,1,5,17,0,0,0,20,1,1,0,1,3,0,0.289,0.286,0.592
Tyler O'Neill,13,13,45,7,13,3,1,2,8,4,0,2,10,0,0,0,1,1,0,0.289,0.365,0.533
Javier Baez,12,10,38,3,11,3,0,0,4,3,0,0,9,0,1,0,0,1,0,0.289,0.341,0.368
Jose Altuve,16,16,66,10,19,0,0,3,7,4,1,0,13,3,2,0,1,1,0,0.288,0.324,0.424
Austin Riley,16,16,66,9,19,4,0,4,11,3,0,1,21,0,0,0,0,0,0,0.288,0.329,0.53
Spencer Torkelson,16,16,59,13,17,5,0,5,12,8,0,2,21,1,0,0,2,0,0,0.288,0.38,0.627
Xander Bogaerts,17,17,59,8,17,5,0,0,5,9,2,1,14,4,0,0,1,2,0,0.288,0.386,0.373
Ty France,17,16,59,8,17,3,0,2,8,3,0,3,5,0,0,0,0,2,0,0.288,0.354,0.441
Shohei Ohtani,16,16,63,15,18,0,1,4,5,9,1,0,17,4,1,0,0,0,0,0.286,0.375,0.508
Miguel Andujar,14,13,49,6,14,1,0,1,6,4,0,0,8,0,0,0,0,1,0,0.286,0.34,0.367
Tyler Fitzgerald,13,13,42,7,12,3,1,1,4,3,0,0,10,4,0,2,0,0,0,0.286,0.333,0.476
Vladimir Guerrero Jr.,17,16,67,5,19,4,0,0,7,6,0,1,11,0,0,0,1,2,0,0.284,0.347,0.343
Pete Crow-Armstrong,17,17,67,14,19,5,1,2,8,5,0,1,16,7,1,1,0,0,0,0.284,0.342,0.478
Luis Arraez,17,17,71,8,20,3,0,2,5,2,0,1,1,2,1,1,1,1,0,0.282,0.307,0.408
Lawrence Butler,16,15,57,8,16,4,0,1,3,10,0,0,10,2,1,0,0,0,0,0.281,0.388,0.404
Lars Nootbaar,15,15,61,11,17,2,0,2,7,12,1,1,11,2,0,0,0,1,0,0.279,0.405,0.41
Maikel Garcia,16,14,54,6,15,4,0,2,9,2,0,0,11,1,1,0,1,1,0,0.278,0.298,0.463
Oswaldo Cabrera,12,11,36,4,10,0,0,0,4,2,0,1,9,0,0,0,0,1,0,0.278,0.333,0.278
Cedric Mullins II,14,14,47,9,13,4,0,3,16,9,0,2,10,2,1,0,0,1,0,0.277,0.414,0.553
Zach McKinstry,15,13,51,10,14,0,2,1,8,7,1,0,12,1,0,0,1,0,0,0.275,0.356,0.412
Joey Bart,12,10,40,4,11,1,1,1,5,4,0,2,14,1,0,0,0,2,0,0.275,0.37,0.425
Santiago Espinal,13,11,40,4,11,2,0,0,2,2,0,0,2,0,0,0,0,2,0,0.275,0.31,0.325
Alex Bregman,18,18,73,8,20,6,0,2,12,4,0,2,18,1,0,0,1,1,0,0.274,0.325,0.438
Jordan Walker,15,14,55,6,15,1,0,2,6,5,0,1,18,2,2,0,0,1,0,0.273,0.344,0.4
Victor Robles,10,10,44,3,12,3,0,0,3,0,0,1,7,3,0,0,1,1,0,0.273,0.283,0.341
Ryan Mountcastle,15,12,48,8,13,2,0,1,4,2,0,0,10,0,0,0,0,2,0,0.271,0.3,0.375
Jonah Heim,11,10,37,4,10,0,0,3,7,0,0,0,8,2,0,0,0,2,0,0.27,0.27,0.514
Kerry Carpenter,16,13,52,8,14,2,0,5,10,1,0,2,11,0,1,0,1,0,0,0.269,0.304,0.596
Riley Baldwin,14,11,41,2,11,1,0,1,7,1,0,0,11,1,0,1,1,1,0,0.268,0.279,0.366
Kyle Isbel,15,14,41,5,11,2,0,1,3,1,0,0,12,0,1,2,0,0,0,0.268,0.286,0.39
Gabriel Arias,14,13,45,6,12,1,0,3,7,4,0,1,15,0,1,0,1,2,0,0.267,0.333,0.489
Isiah Kiner-Falefa,17,16,53,6,14,1,1,0,5,5,0,1,8,4,2,1,0,0,0,0.264,0.339,0.321
Brandon Lowe,14,14,57,6,15,0,0,3,11,3,0,0,12,0,1,0,1,0,0,0.263,0.295,0.421
Isaac Paredes,16,16,61,8,16,1,0,3,9,9,0,2,15,0,0,0,0,1,0,0.262,0.375,0.426
Alejandro Kirk,12,12,46,4,12,2,0,1,4,2,0,0,7,0,0,0,1,4,0,0.261,0.286,0.37
Kyle Schwarber,16,16,58,14,15,1,1,6,12,12,1,2,16,1,1,0,0,0,0,0.259,0.403,0.621
Victor Scott,15,15,54,7,14,2,1,1,7,6,0,0,16,5,0,1,1,0,0,0.259,0.328,0.389
Adley Rutschman,14,14,54,9,14,2,0,3,6,7,0,0,8,0,0,0,0,3,0,0.259,0.344,0.463
Luis Rengifo,15,14,54,8,14,5,0,1,4,4,0,0,8,0,1,0,1,1,0,0.259,0.305,0.407
Jake Cronenworth,12,11,35,7,9,2,0,2,5,8,0,1,9,0,0,0,0,0,0,0.257,0.409,0.486
Edouard Julien,15,12,43,2,11,3,0,1,4,2,0,1,12,0,1,0,0,0,0,0.256,0.304,0.395
Ryan O'Hearn,11,11,39,6,10,3,0,1,1,5,0,0,5,1,0,0,0,1,0,0.256,0.341,0.41
Alec Burleson,16,11,47,5,12,3,0,0,5,4,1,0,6,0,0,0,0,2,0,0.255,0.314,0.319
T.J. Friedl,15,15,59,11,15,2,0,1,6,4,0,1,9,2,2,1,0,2,0,0.254,0.312,0.339
Wilmer Flores,16,15,59,9,15,0,0,6,20,1,0,1,10,0,0,0,0,2,0,0.254,0.279,0.559
Ozzie Albies,16,16,64,8,16,3,0,3,9,6,0,0,10,2,0,0,0,1,0,0.25,0.314,0.438
Juan Soto,16,16,56,13,14,4,0,2,6,14,2,0,8,1,0,0,0,3,0,0.25,0.4,0.429
Matt Wallner,17,15,56,7,14,5,2,1,3,9,0,1,19,0,0,0,0,0,0,0.25,0.364,0.464
Carlos Santana,15,15,56,9,14,2,0,2,5,7,1,0,13,1,0,0,1,1,0,0.25,0.328,0.393
Nathaniel Lowe,16,15,56,6,14,4,0,3,16,7,0,0,22,0,0,0,0,1,0,0.25,0.333,0.482
Bryson Stott,14,14,52,6,13,3,0,1,6,6,0,0,14,1,0,0,0,0,0,0.25,0.328,0.365
Alan Roden,16,13,44,4,11,2,0,0,2,3,0,2,7,0,0,0,1,0,0,0.25,0.32,0.295
Jacob Young,13,10,28,5,7,1,0,0,1,6,0,1,2,1,3,1,0,2,0,0.25,0.4,0.286
Jose Trevino,13,10,28,5,7,1,0,1,4,2,0,0,3,0,0,1,0,0,0,0.25,0.3,0.393
Bryce Harper,16,16,61,8,15,2,0,2,5,11,2,0,16,4,0,0,0,2,0,0.246,0.361,0.377
James Wood,16,16,57,11,14,3,0,5,12,11,0,1,21,3,1,0,0,1,0,0.246,0.377,0.561
Wyatt Langford,12,12,41,6,10,1,0,4,6,5,0,1,8,2,0,0,1,2,0,0.244,0.333,0.561
Jake Meyers,15,11,41,7,10,2,0,0,3,5,0,0,9,5,1,0,1,2,0,0.244,0.319,0.293
CJ Abrams,11,11,41,6,10,2,0,4,7,3,0,0,12,4,0,1,1,0,0,0.244,0.289,0.585
Tommy Edman,16,16,58,10,14,0,1,5,12,3,0,1,8,1,0,0,1,0,0,0.241,0.286,0.534
Jorge Soler,15,15,54,7,13,2,0,4,8,4,0,3,20,0,0,0,2,0,0,0.241,0.317,0.5
Elly De La Cruz,16,16,63,10,15,3,0,3,17,4,1,0,20,3,1,0,0,0,0,0.238,0.284,0.429
Trea Turner,14,13,55,7,13,3,0,1,4,6,0,0,14,4,0,0,0,0,0,0.236,0.311,0.345
Taylor Ward,15,15,64,10,15,1,0,5,8,4,1,0,15,0,0,0,1,1,0,0.234,0.275,0.484
Riley Greene,15,14,60,9,14,4,0,3,5,3,0,0,25,0,0,0,0,1,0,0.233,0.27,0.45
Ke'Bryan Hayes,16,15,56,8,13,1,1,1,8,7,0,0,10,3,0,0,0,1,0,0.232,0.317,0.339
Otto Lopez,14,14,56,8,13,3,0,2,8,7,1,0,7,1,1,0,0,1,0,0.232,0.317,0.393
Jordan Westburg,13,13,52,8,12,0,0,3,4,4,0,1,13,0,0,0,0,1,0,0.231,0.298,0.404
Corey Seager,14,14,52,4,12,0,0,3,3,4,0,0,13,0,0,0,0,1,0,0.231,0.286,0.404
Jarren Duran,17,17,74,6,17,3,1,0,8,5,0,1,20,5,1,0,1,1,0,0.23,0.284,0.297
Andres Gimenez,17,16,61,13,14,3,0,3,8,8,0,2,14,5,1,0,1,0,0,0.23,0.333,0.426
Jose Ramirez,14,14,48,6,11,2,0,4,7,6,2,1,8,1,1,0,2,0,0,0.229,0.316,0.521
Jasson Dominguez,14,14,48,8,11,4,0,1,5,6,0,1,15,2,0,0,0,0,0,0.229,0.327,0.375
William Contreras,16,16,57,10,13,2,0,3,10,9,1,0,13,0,0,0,1,0,0,0.228,0.328,0.421
Yandy Diaz,16,16,66,10,15,3,0,3,5,3,0,0,10,1,0,0,1,2,0,0.227,0.257,0.409
Trey Sweeney,15,11,44,5,10,2,1,1,7,5,0,0,9,1,0,0,0,1,0,0.227,0.306,0.386
Ezequiel Tovar,15,15,62,4,14,4,1,0,4,3,0,1,12,2,2,0,0,0,0,0.226,0.273,0.323
Rafael Devers,18,18,67,8,15,5,0,1,9,12,1,0,27,0,0,0,1,2,0,0.224,0.338,0.343
Bryan Reynolds,16,16,67,6,15,4,0,2,8,6,1,0,23,1,2,0,1,1,0,0.224,0.284,0.373
Ryan McMahon,16,16,58,3,13,2,0,2,4,5,0,1,22,0,0,0,1,1,0,0.224,0.292,0.362
Max Kepler,14,13,49,7,11,3,0,1,2,7,1,0,10,0,0,0,0,2,0,0.224,0.321,0.347
Yordan Alvarez,16,16,54,3,12,2,0,1,9,11,2,0,15,1,0,0,3,0,0,0.222,0.338,0.315
Masyn Winn,13,13,45,8,10,0,0,1,3,5,0,1,16,0,0,0,0,0,0,0.222,0.314,0.289
J.T. Realmuto,13,13,45,2,10,1,1,0,3,6,1,0,13,4,0,0,0,2,0,0.222,0.314,0.289
Gabriel Moreno,13,10,36,6,8,0,0,0,1,5,0,0,8,0,0,0,0,2,0,0.222,0.317,0.222
Heston Kjerstad,13,10,36,6,8,2,0,1,6,0,0,1,10,0,0,0,1,2,0,0.222,0.237,0.361
Heliot Ramos,16,16,68,10,15,5,0,3,9,3,0,1,21,2,0,0,0,3,0,0.221,0.264,0.426
Cal Raleigh,16,16,59,9,13,3,0,5,8,8,1,1,18,2,0,0,0,1,0,0.22,0.324,0.525
Francisco Lindor,15,15,59,9,13,4,0,1,6,5,0,1,10,2,0,0,3,1,0,0.22,0.279,0.339
Willi Castro,16,16,59,6,13,5,0,1,4,3,0,3,13,1,0,0,0,0,0,0.22,0.292,0.356
Ceddanne Rafaela,15,14,50,8,11,0,1,0,7,4,0,1,9,3,0,0,0,0,0,0.22,0.291,0.26
Garrett Mitchell,16,13,41,4,9,2,0,0,2,5,0,1,14,1,0,0,0,0,0,0.22,0.319,0.268
Mickey Moniak,14,10,32,5,7,2,1,1,2,4,1,0,8,0,1,0,0,0,0,0.219,0.306,0.438
Oneil Cruz,14,13,46,7,10,2,0,2,5,10,2,1,15,8,0,0,2,0,0,0.217,0.356,0.391
Gavin Lux,16,15,51,2,11,4,0,0,5,8,0,0,18,0,0,0,0,0,0,0.216,0.322,0.294
Shea Langeliers,14,14,51,8,11,2,0,3,8,8,0,0,7,0,0,0,0,3,0,0.216,0.322,0.431
Adolis Garcia,16,16,51,5,11,4,0,2,5,5,0,3,8,3,0,0,0,0,0,0.216,0.322,0.412
Brayan Rocchio,15,13,42,3,9,2,0,0,3,2,0,2,7,0,2,0,0,3,0,0.214,0.283,0.262
Brandon Nimmo,16,16,61,7,13,3,0,4,9,5,0,0,13,0,1,0,1,2,0,0.213,0.269,0.459
Hunter Goodman,14,13,47,5,10,3,0,3,7,3,0,2,14,0,0,0,0,2,0,0.213,0.288,0.468
Jackson Holliday,13,13,47,4,10,1,1,1,4,1,0,0,12,1,1,0,0,1,0,0.213,0.229,0.34
Lenyn Sosa,14,12,47,3,10,2,0,1,5,1,0,0,12,0,0,0,0,1,0,0.213,0.229,0.319
Paul DeJong,15,15,52,3,11,4,0,0,2,2,0,0,23,2,0,0,0,1,0,0.212,0.241,0.288
Justyn-Henry Malloy,11,10,33,5,7,2,0,0,6,9,0,1,13,0,0,0,2,1,0,0.212,0.378,0.273
Anthony Volpe,16,16,57,10,12,3,0,4,13,8,0,1,17,1,2,0,1,0,0,0.211,0.313,0.474
Joey Ortiz,17,17,57,6,12,1,0,0,3,7,0,1,10,2,0,2,0,2,0,0.211,0.308,0.228
Julio Rodriguez,16,16,62,12,13,1,2,3,8,8,1,2,19,4,0,0,0,0,0,0.21,0.319,0.435
Harrison Bader,15,12,43,3,9,1,0,3,10,1,0,1,11,0,0,0,0,1,0,0.209,0.244,0.442
J.J. Bleday,15,15,53,9,11,2,0,1,6,9,0,0,12,1,1,0,1,2,0,0.208,0.317,0.302
Austin Wells,15,13,48,5,10,2,1,3,7,4,0,1,12,0,0,0,1,1,0,0.208,0.278,0.479
Vinnie Pasquantino,16,16,58,4,12,2,1,2,11,6,1,1,9,0,0,0,1,1,0,0.207,0.288,0.379
Jeremy Pena,16,16,58,9,12,1,0,3,7,5,1,2,11,4,0,0,1,0,0,0.207,0.288,0.379
Michael Conforto,14,13,44,9,9,3,0,2,5,9,0,1,17,0,0,0,0,2,0,0.205,0.352,0.409
Leody Taveras,15,14,44,3,9,0,1,0,4,1,0,0,15,5,1,0,0,0,0,0.205,0.222,0.25
Jason Heyward,15,10,39,3,8,1,0,1,6,3,0,0,9,0,1,0,1,0,1,0.205,0.256,0.308
Cameron Smith,12,12,39,4,8,0,1,1,6,3,0,1,11,1,0,0,0,0,0,0.205,0.279,0.333
Ian Happ,17,17,74,15,15,3,0,1,7,10,0,0,16,1,0,0,1,1,0,0.203,0.294,0.284
Willy Adames,16,16,64,9,13,3,0,1,7,7,0,0,19,1,1,0,1,0,0,0.203,0.278,0.297
Salvador Perez,17,17,64,4,13,2,0,2,9,5,0,0,19,0,0,0,0,1,0,0.203,0.261,0.328
Michael Harris II,16,15,59,5,12,2,0,2,6,3,0,0,14,2,1,2,2,1,0,0.203,0.234,0.339
Trevor Larnach,16,16,55,7,11,1,0,0,4,9,1,0,12,1,0,0,1,0,0,0.2,0.308,0.218
Will Wagner,13,12,40,3,8,2,0,0,2,5,0,0,10,0,0,1,0,0,0,0.2,0.289,0.25
Ernie Clement,16,11,40,3,8,2,0,0,5,4,0,0,7,1,0,1,1,2,0,0.2,0.267,0.25
Ryan Bliss,11,11,35,1,7,1,0,1,3,4,0,0,11,2,2,0,0,2,0,0.2,0.282,0.314
Jonathan India,16,16,56,5,11,3,0,0,3,10,0,1,8,0,1,0,0,1,0,0.196,0.328,0.25
Mike Trout,15,15,56,9,11,1,0,6,14,8,2,1,14,1,0,0,2,0,0,0.196,0.299,0.536
Kyle Manzardo,15,13,46,8,9,1,1,4,11,10,0,1,15,0,0,0,2,0,0,0.196,0.339,0.522
Patrick Bailey,15,11,41,6,8,4,1,0,4,4,0,0,14,0,0,0,0,1,0,0.195,0.267,0.341
Graham Pauley,12,12,41,3,8,4,0,0,3,2,0,0,10,0,0,1,0,0,0,0.195,0.233,0.293
Anthony Santander,17,17,67,5,13,3,0,1,3,8,0,0,18,0,0,0,0,1,0,0.194,0.28,0.284
Carlos Narvaez,11,10,36,3,7,3,0,0,4,4,0,0,9,0,1,0,0,2,0,0.194,0.275,0.278
Brandon Lockridge,13,10,31,3,6,2,0,0,1,3,0,0,8,3,0,2,0,1,0,0.194,0.265,0.258
Matt Olson,16,16,57,4,11,3,0,1,8,12,0,0,12,0,0,0,0,4,0,0.193,0.333,0.298
Luis Garcia Jr.,14,13,52,6,10,2,0,1,5,1,0,0,7,2,0,0,1,0,0,0.192,0.204,0.288
Cody Bellinger,13,12,47,9,9,0,1,1,8,4,0,0,16,2,0,0,3,0,0,0.191,0.241,0.298
Jo Adell,12,12,42,4,8,1,0,2,9,3,0,1,12,0,0,0,0,0,0,0.19,0.261,0.357
Brent Rooker,16,16,69,7,13,1,1,4,8,4,0,0,21,0,0,0,0,2,0,0.188,0.233,0.406
Adam Frazier,15,13,48,4,9,0,0,1,6,2,0,1,9,0,0,0,1,2,0,0.188,0.231,0.25
Bo Naylor,10,10,32,4,6,0,0,1,2,5,0,0,9,0,0,0,0,0,0,0.188,0.297,0.281
Michael Massey,16,16,59,3,11,3,0,0,5,1,0,1,11,0,0,0,1,1,0,0.186,0.21,0.237
Bryan De La Cruz,14,11,43,1,8,1,0,0,0,3,0,0,17,1,0,0,0,1,0,0.186,0.239,0.209
Colt Keith,16,14,49,7,9,2,0,0,2,12,0,0,16,0,0,0,0,1,0,0.184,0.344,0.224
Matthew Shaw,16,14,49,10,9,1,0,1,3,10,0,0,14,0,0,0,0,0,0,0.184,0.322,0.265
Derek Hill,10,10,38,7,7,2,0,1,3,3,0,1,14,3,0,2,0,0,0,0.184,0.262,0.316
Rhys Hoskins,15,14,44,2,8,1,0,0,4,8,0,1,13,0,1,0,1,0,0,0.182,0.315,0.205
Max Muncy,15,14,50,2,9,3,0,1,4,1,0,0,15,0,0,0,0,1,0,0.18,0.196,0.3
Matt Chapman,16,16,56,8,10,2,0,2,9,14,0,0,19,1,0,0,0,0,0,0.179,0.343,0.321
Byron Buxton,15,15,56,12,10,3,0,3,7,2,0,2,21,3,0,0,0,0,0,0.179,0.233,0.393
Gio Urshela,12,11,39,2,7,3,0,0,4,2,0,0,9,0,0,1,0,1,0,0.179,0.22,0.256
Max Muncy,14,13,45,1,8,3,0,0,3,4,0,1,22,0,0,0,1,0,0,0.178,0.255,0.244
Endy Rodriguez,15,14,45,4,8,3,0,0,2,5,0,0,12,0,1,0,0,0,0,0.178,0.26,0.244
Jazz Chisholm Jr.,16,16,63,10,11,2,0,6,11,4,0,2,24,4,0,0,0,0,0,0.175,0.246,0.492
Triston Casas,16,14,57,3,10,3,0,1,3,4,1,1,18,0,0,0,0,1,0,0.175,0.242,0.281
Christian Walker,16,16,58,7,10,1,0,1,2,8,0,1,20,0,0,0,0,2,0,0.172,0.284,0.241
Taylor Walls,15,13,41,6,7,0,0,0,2,8,0,0,11,3,0,0,0,0,0,0.171,0.306,0.171
Jake Fraley,13,10,35,3,6,1,0,0,1,2,0,0,6,1,1,0,0,0,0,0.171,0.216,0.2
Michael Toglia,16,16,60,4,10,3,0,0,1,2,1,1,29,1,0,0,0,0,0,0.167,0.206,0.217
Luke Raley,14,12,42,5,7,1,0,1,5,5,0,2,11,2,0,0,0,0,0,0.167,0.286,0.262
Tim Anderson,12,10,36,5,6,1,0,0,3,2,0,0,11,1,0,0,0,1,0,0.167,0.211,0.194
Willson Contreras,15,14,61,7,10,3,0,1,7,2,0,2,22,1,0,1,0,3,0,0.164,0.215,0.262
Randy Arozarena,16,16,55,6,9,4,0,3,10,12,0,2,17,3,0,0,0,2,0,0.164,0.333,0.4
Luis Robert,14,14,49,7,8,1,0,1,4,6,0,0,16,6,2,0,1,1,2,0.163,0.25,0.245
Christian Encarnacion-Strand,13,13,49,3,8,1,0,2,3,1,0,1,12,0,1,0,1,1,0,0.163,0.192,0.306
J.P. Crawford,16,16,43,7,7,1,0,0,1,13,0,0,12,1,0,2,0,1,0,0.163,0.357,0.186
Dansby Swanson,17,17,68,8,11,2,0,4,11,5,0,0,16,2,0,1,1,1,0,0.162,0.216,0.368
Jarred Kelenic,15,13,37,4,6,1,0,1,1,5,0,0,16,0,1,0,0,0,0,0.162,0.262,0.27
Alec Bohm,15,15,64,4,10,2,0,0,3,1,0,0,15,0,0,0,0,3,0,0.156,0.169,0.188
Josh Bell,15,15,52,8,8,0,1,2,8,9,0,1,14,0,0,0,0,1,0,0.154,0.29,0.308
Kris Bryant,11,10,39,2,6,2,0,0,1,2,0,0,13,0,0,0,0,1,0,0.154,0.195,0.205
Carlos Correa,16,16,59,5,9,5,0,0,3,5,0,0,10,0,0,0,0,5,0,0.153,0.219,0.237
Jake Burger,15,15,53,5,8,2,0,2,7,1,0,1,15,0,0,0,0,0,0,0.151,0.182,0.302
Miguel Vargas,15,15,54,5,8,3,0,0,6,7,0,1,18,1,0,0,0,0,0,0.148,0.258,0.204
Eugenio Suarez,16,16,55,7,8,2,0,5,11,8,1,2,19,1,0,0,0,2,0,0.145,0.277,0.455
Lourdes Gurriel,15,14,55,4,8,2,0,2,8,3,0,0,7,0,0,0,2,0,0,0.145,0.183,0.291
Christian Yelich,16,15,56,7,8,1,0,3,10,8,1,1,16,3,0,0,0,0,0,0.143,0.262,0.321
Tommy Pham,16,14,50,5,7,2,0,0,5,7,1,1,17,3,0,0,1,2,0,0.14,0.254,0.18
Brett Baty,12,10,36,1,5,1,1,0,1,0,0,0,15,0,0,0,0,2,0,0.139,0.139,0.222
Mark Vientos,16,16,58,4,8,4,0,0,4,9,0,0,13,0,0,0,0,1,0,0.138,0.254,0.207
Ryan Kreidler,13,11,30,4,4,0,0,0,0,2,0,0,14,1,0,2,0,0,0,0.133,0.188,0.133
Jeimer Candelario,15,15,53,1,7,1,0,1,7,6,0,0,18,0,1,0,1,1,0,0.132,0.217,0.208
Andy Pages,14,14,46,4,6,0,0,2,2,3,0,2,15,0,1,0,0,0,0,0.13,0.216,0.261
Yainer Diaz,12,12,46,3,6,1,0,1,6,3,0,0,11,0,0,0,0,2,0,0.13,0.184,0.217
Danny Jansen,12,11,39,4,5,1,0,1,5,6,0,0,10,0,0,0,0,2,0,0.128,0.244,0.231
Hunter Renfroe,12,11,39,0,5,1,0,0,3,4,0,0,12,0,0,0,0,2,0,0.128,0.209,0.154
Kike Hernandez,12,11,40,3,5,0,0,3,5,3,0,0,15,0,0,0,0,1,0,0.125,0.186,0.35
Marcus Semien,15,15,57,4,7,1,0,1,5,5,0,0,12,0,1,0,0,2,0,0.123,0.194,0.193
Jacob Amaya,12,12,35,3,4,1,0,0,3,1,0,0,9,1,0,0,1,1,0,0.114,0.135,0.143
Andrew Vaughn,14,14,53,2,6,2,0,1,5,4,0,0,14,0,0,0,0,1,0,0.113,0.175,0.208
LaMonte Wade,15,12,46,5,5,3,1,1,7,6,1,0,18,0,0,1,1,0,0,0.109,0.208,0.283
Spencer Steer,13,13,46,5,5,2,0,1,3,4,0,0,12,0,0,0,0,2,0,0.109,0.18,0.217
Brandon Marsh,15,13,37,3,4,0,0,1,4,7,0,0,14,0,1,1,0,1,0,0.108,0.25,0.189
Dylan Crews,13,13,47,5,5,0,0,0,0,2,0,0,18,3,1,0,0,0,0,0.106,0.143,0.106
Jonah Bride,12,10,40,3,4,0,0,0,2,5,1,0,15,0,0,0,0,0,0,0.1,0.2,0.1
Rowdy Tellez,11,11,30,2,3,1,0,1,4,1,0,1,11,0,0,0,1,0,0,0.1,0.152,0.233
MJ Melendez,14,11,39,3,3,1,0,0,0,3,0,2,16,0,0,0,0,0,0,0.077,0.182,0.103
Joc Pederson,14,13,43,2,3,1,0,0,0,5,0,1,12,0,0,0,0,4,1,0.07,0.184,0.093
